fixed: [39083.886425148965, 36462.209012920976, 33771.7869033072, 30989.391029189475, 28101.949152919216, 25151.439978777467, 22076.54141965388, 18866.034536827385, 15592.522256625512, 12211.833677599681]
r = 0.1: [39091.09906355189, 39540.16930412806, 39529.29056263031, 39557.28832604898, 39542.01311957163, 39552.53308946879, 39536.978995579135, 39534.58145495906, 39490.627643226995, 39541.38071866714]
r = 0.5: [39093.56727532343, 38212.66667686134, 38118.986395329914, 38129.630630944615, 38054.37370726392, 38095.45455124533, 38083.07269332412, 38009.789600894175, 37998.56354826154, 38010.16031854651]
r = 0.7: [39085.65672816104, 37149.92474785684, 36729.832092413126, 36705.97278021188, 36676.012499718694, 36583.995085091534, 36497.35001430584, 36437.65900374072, 36518.027390164745, 36479.31516122455]
r = 1: [39080.321159558, 36606.20442846768, 34795.90519665256, 33860.10176696572, 33579.604889195216, 33555.26904633503, 33496.60262300548, 33497.291595566676, 33392.886871355535, 33359.56575509321]
r = 2: [39090.518920740185, 36473.75307055393, 33822.35624186774, 31115.152127579182, 28596.38871843496, 26263.29619276751, 24214.337974619833, 23063.715447271745, 22411.636213621056, 22259.090678970948]
honest: [40529.70811507082, 40515.604767070814, 40518.128907070815, 40516.814535070815, 40518.70650307082, 40516.80543907081, 40521.44439907082, 40514.66333107081, 40517.837835070815, 40514.29494307081]
