fixed: [28099.447796099998, 28002.91182316893, 28038.528674585556, 28070.981697792373, 28175.74954178109, 28108.117776112067, 28130.78252588061, 28163.206105409536, 28136.552575352434, 28165.42031641788]
r = 0.1: [38680.98077717506, 39085.68103517205, 39515.900272524166, 39983.134071285705, 40579.66676513765, 41022.615459455104, 41661.20212857896, 42378.97876339741, 42885.45494043974, 43672.996576665384]
r = 0.5: [37812.74542099922, 37944.69049049735, 38085.3348391514, 38260.82088299896, 38450.396878262385, 38697.48645209333, 38810.91625698708, 39091.504109136884, 39224.990267651796, 39369.40602254012]
r = 0.7: [36449.10707587681, 36535.56706678591, 36646.065029615886, 36704.239600282046, 36777.5001412792, 36902.785547855805, 37066.26219931538, 37172.80232702799, 37201.749630592974, 37352.84031341564]
r = 1: [33548.8321545191, 33611.71453798225, 33632.38006171482, 33643.24764796612, 33629.425834573536, 33676.926118141084, 33768.82338310132, 33788.41644919147, 33955.112448613385, 33928.7905636867]
r = 2: [28522.557623253575, 28591.770496244073, 28626.619378672054, 28599.849288657955, 28631.621552677727, 28587.854468609356, 28531.53991888839, 28621.38654705511, 28675.079169763074, 28758.681785987726]
honest: [37799.10120000052, 39151.391401961446, 40517.337555070815, 41889.987089302136, 43264.93334171156, 44634.520014001646, 46026.15792652057, 47408.470618887346, 48795.84037759413, 50200.10429757036]
